# The modifications of the output file from Kalibr:
# 1. For each matrix (e.g. cam0/T_cam_imu), remove the brackets and minus sign for each line. Use one pair of brackets for each matrix.
# 2. Add the T_imu_body at the end of the calibration file (usually set to identity).
cam0:
  T_cam_imu:
    [ 0.9999787502373149, -0.003951272733608595, 0.00518522107559948, 0.014751377504999096,
      0.003909321911501398, 0.999959748454214, 0.008075807921051063, 0.0012875828224737755,
      -0.005216922082076253, -0.00805536561368243, 0.9999539463439403, -0.01301714377287889,
      0.0, 0.0, 0.0, 1.0]
  camera_model: pinhole
  distortion_coeffs: [0.0074729611206642895, -0.006013954088772151, 0.0001639613651315186, 0.0001788099045053152]
  distortion_model: radtan
  intrinsics: [387.4710890760036, 387.89312958012465, 324.35415891046995, 233.76556422104284]
  resolution: [640, 480]
  timeshift_cam_imu: 0.005476311796221799
cam1:
  T_cam_imu:
    [ 0.999976537612497, -0.0035813973079604623, 0.005839333681579235, -0.03601047296402775,
      0.00352425676248568, 0.9999460955457695, 0.009766556048208537, 0.002209670790557166,
      -0.005873996833023159, -0.009745747590270248, 0.9999352561866756, -0.01435131282691771,
      0.0, 0.0, 0.0, 1.0]
  T_cn_cnm1:
    [0.9999997176619874, 0.00037513437549245224, 0.000651114543008935, -0.050734320232821, 
    -0.0003762361172853456, 0.9999984964546009, 0.0016927890960728926, 0.0010004588569426415,
    -0.0006504785406482632, -0.001693033590941751, 0.9999983552561126, -0.0013224644307415787, 
    0.0, 0.0, 0.0, 1.0]
  camera_model: pinhole
  distortion_coeffs: [0.00506441088418432, -0.0007076146825633842, -0.0006426729389882334, 0.0002536193900383534]
  distortion_model: radtan
  intrinsics: [386.1187341123613, 386.62500901172365, 324.75787097576307, 232.37653307663464]
  resolution: [640, 480]
  timeshift_cam_imu: 0.005395380986422192
T_imu_body:
  [1.0000, 0.0000, 0.0000, 0.0000,
  0.0000, 1.0000, 0.0000, 0.0000,
  0.0000, 0.0000, 1.0000, 0.0000,
  0.0000, 0.0000, 0.0000, 1.0000]

