# The modifications of the output file from Kalibr:
# 1. For each matrix (e.g. cam0/T_cam_imu), remove the brackets and minus sign for each line. Use one pair of brackets for each matrix.
# 2. Add the T_imu_body at the end of the calibration file (usually set to identity).
cam0:
  T_cam_imu:
    [ -0.011569581327806,  -0.999398638379054,  -0.032688016060818, 0.02,
      -0.072113121089857,   0.033439010855548,  -0.996835758949127, 0.00,
      0.997329355105213,  -0.009175737523246,  -0.072456630382082, -0.14,
      0.0, 0.0, 0.0, 1.0]
  camera_model: pinhole
  distortion_coeffs: [0.006199602585562678, 0.00229699325799455, -8.877305268532816e-05, 0.0004532944281608329]
  distortion_model: radtan
  intrinsics: [390.2092327033685, 390.512315106373, 323.41417134072674, 238.55210437823533]
  resolution: [640, 480]
  timeshift_cam_imu: -0.003137028204620655
cam1:
  T_cam_imu:
    [ -0.011980731079988,  -0.999396449406438,  -0.032606732381429, -0.03,
      -0.072562825414461,   0.033392053534860,  -0.996804698588744, 0.00,
      0.997291882274522,  -0.009576412403930,  -0.072919091291721, -0.14,
      0.0, 0.0, 0.0, 1.0]
  T_cn_cnm1:
    [0.9999988244404291, -8.19442433604493e-05, 0.0015311443104550175, -0.05040757611321166, 
    8.282118043219876e-05, 0.9999998325899785, -0.0005726785011826211, 2.0429806568980503e-05,
    -0.0015310971264196485, 0.0005728046391441323, 0.999998663817324, -9.194590217606694e-05, 
    0.0, 0.0, 0.0, 1.0]
  camera_model: pinhole
  distortion_coeffs: [0.007708917493715153, -0.003698924355097565, -6.128640994660437e-05, 0.0003479391437565992]
  distortion_model: radtan
  intrinsics: [390.2682609505342, 390.5203077260673, 323.0017352395814, 238.83523952572736]
  resolution: [640, 480]
  timeshift_cam_imu: -0.002221790874896961
T_imu_body:
  [1.0000, 0.0000, 0.0000, 0.0000,
  0.0000, 1.0000, 0.0000, 0.0000,
  0.0000, 0.0000, 1.0000, 0.0000,
  0.0000, 0.0000, 0.0000, 1.0000]

